0 2 2 13 13 13
0 3 3 4 5 5
1 1 6 4 0 7
8 8 6 9 9 7
10 0 11 0 12 12
10 0 11 0 0 0
0 2 2 13 13 13
0 3 3 4 5 5
1 1 6 4 0 7
8 8 6 9 9 7
10 0 11 0 12 12
10 0 11 0 0 0
0 2 2 13 13 13
3 3 0 4 5 5
1 1 6 4 0 7
8 8 6 9 9 7
10 0 11 0 12 12
10 0 11 0 0 0
2 2 0 13 13 13
3 3 0 4 5 5
1 1 6 4 0 7
8 8 6 9 9 7
10 0 11 0 12 12
10 0 11 0 0 0
2 2 0 13 13 13
3 3 6 4 5 5
1 1 6 4 0 7
8 8 0 9 9 7
10 0 11 0 12 12
10 0 11 0 0 0
2 2 6 13 13 13
3 3 6 4 5 5
1 1 0 4 0 7
8 8 0 9 9 7
10 0 11 0 12 12
10 0 11 0 0 0
2 2 6 13 13 13
3 3 6 4 5 5
0 1 1 4 0 7
8 8 0 9 9 7
10 0 11 0 12 12
10 0 11 0 0 0
2 2 6 13 13 13
3 3 6 4 5 5
0 1 1 4 0 7
8 8 11 9 9 7
10 0 11 0 12 12
10 0 0 0 0 0
2 2 6 13 13 13
3 3 6 4 5 5
0 1 1 4 0 7
8 8 11 9 9 7
10 0 11 12 12 0
10 0 0 0 0 0
2 2 6 13 13 13
3 3 6 4 5 5
1 1 0 4 0 7
8 8 11 9 9 7
10 0 11 12 12 0
10 0 0 0 0 0
2 2 6 13 13 13
3 3 6 4 5 5
1 1 11 4 0 7
8 8 11 9 9 7
10 0 0 12 12 0
10 0 0 0 0 0
2 2 6 13 13 13
3 3 6 4 5 5
1 1 11 4 0 7
8 8 11 9 9 7
10 0 12 12 0 0
10 0 0 0 0 0
2 2 6 13 13 13
3 3 6 4 5 5
1 1 11 4 0 7
8 8 11 9 9 7
10 12 12 0 0 0
10 0 0 0 0 0
2 2 6 13 13 13
3 3 6 4 5 5
1 1 11 4 0 0
8 8 11 9 9 7
10 12 12 0 0 7
10 0 0 0 0 0
2 2 6 13 13 13
3 3 6 4 5 5
1 1 11 4 0 0
8 8 11 9 9 0
10 12 12 0 0 7
10 0 0 0 0 7
2 2 6 13 13 13
3 3 6 4 5 5
1 1 11 4 0 0
8 8 11 0 9 9
10 12 12 0 0 7
10 0 0 0 0 7
2 2 6 13 13 13
3 3 6 0 5 5
1 1 11 4 0 0
8 8 11 4 9 9
10 12 12 0 0 7
10 0 0 0 0 7
2 2 6 13 13 13
3 3 6 0 5 5
1 1 11 0 0 0
8 8 11 4 9 9
10 12 12 4 0 7
10 0 0 0 0 7
2 2 6 13 13 13
3 3 6 0 5 5
1 1 11 0 0 0
8 8 11 0 9 9
10 12 12 4 0 7
10 0 0 4 0 7
2 2 6 13 13 13
3 3 6 0 5 5
1 1 11 0 0 0
8 8 11 9 9 0
10 12 12 4 0 7
10 0 0 4 0 7
2 2 6 13 13 13
3 3 6 0 5 5
1 1 11 0 0 0
8 8 11 9 9 7
10 12 12 4 0 7
10 0 0 4 0 0
2 2 6 13 13 13
3 3 6 0 5 5
1 1 11 0 0 7
8 8 11 9 9 7
10 12 12 4 0 0
10 0 0 4 0 0
2 2 6 13 13 13
3 3 6 5 5 0
1 1 11 0 0 7
8 8 11 9 9 7
10 12 12 4 0 0
10 0 0 4 0 0
2 2 6 13 13 13
3 3 6 5 5 7
1 1 11 0 0 7
8 8 11 9 9 0
10 12 12 4 0 0
10 0 0 4 0 0
2 2 6 13 13 13
3 3 6 5 5 7
1 1 11 0 0 7
8 8 11 0 9 9
10 12 12 4 0 0
10 0 0 4 0 0
2 2 6 13 13 13
3 3 6 5 5 7
1 1 11 0 0 7
8 8 11 4 9 9
10 12 12 4 0 0
10 0 0 0 0 0
2 2 6 13 13 13
3 3 6 5 5 7
1 1 11 4 0 7
8 8 11 4 9 9
10 12 12 0 0 0
10 0 0 0 0 0
2 2 6 13 13 13
3 3 6 5 5 7
1 1 11 4 0 7
8 8 11 4 9 9
10 0 12 12 0 0
10 0 0 0 0 0
2 2 6 13 13 13
3 3 6 5 5 7
1 1 11 4 0 7
8 8 11 4 9 9
10 0 0 12 12 0
10 0 0 0 0 0
2 2 6 13 13 13
3 3 6 5 5 7
1 1 0 4 0 7
8 8 11 4 9 9
10 0 11 12 12 0
10 0 0 0 0 0
2 2 6 13 13 13
3 3 6 5 5 7
0 1 1 4 0 7
8 8 11 4 9 9
10 0 11 12 12 0
10 0 0 0 0 0
2 2 6 13 13 13
3 3 6 5 5 7
0 1 1 4 0 7
8 8 11 4 9 9
10 0 11 0 12 12
10 0 0 0 0 0
2 2 6 13 13 13
3 3 6 5 5 7
0 1 1 0 0 7
8 8 11 4 9 9
10 0 11 4 12 12
10 0 0 0 0 0
2 2 6 13 13 13
3 3 6 5 5 7
0 0 1 1 0 7
8 8 11 4 9 9
10 0 11 4 12 12
10 0 0 0 0 0
2 2 6 13 13 13
3 3 6 5 5 7
0 0 0 1 1 7
8 8 11 4 9 9
10 0 11 4 12 12
10 0 0 0 0 0
2 2 0 13 13 13
3 3 6 5 5 7
0 0 6 1 1 7
8 8 11 4 9 9
10 0 11 4 12 12
10 0 0 0 0 0
2 2 13 13 13 0
3 3 6 5 5 7
0 0 6 1 1 7
8 8 11 4 9 9
10 0 11 4 12 12
10 0 0 0 0 0
2 2 13 13 13 7
3 3 6 5 5 7
0 0 6 1 1 0
8 8 11 4 9 9
10 0 11 4 12 12
10 0 0 0 0 0
2 2 13 13 13 7
3 3 6 5 5 7
0 0 6 0 1 1
8 8 11 4 9 9
10 0 11 4 12 12
10 0 0 0 0 0
