2 13 13 13 0 14 0 0 0
2 0 0 15 0 14 16 16 16
0 0 0 15 0 14 0 0 17
3 3 0 15 0 18 18 18 17
4 1 1 5 0 0 0 0 17
4 0 19 5 0 20 20 20 21
6 6 19 7 8 8 0 0 21
9 0 19 7 10 0 0 0 21
9 22 22 22 10 11 11 12 12
2 13 13 13 0 14 0 0 0
2 0 0 15 0 14 16 16 16
0 0 0 15 0 14 0 0 17
3 3 0 15 0 18 18 18 17
4 1 1 5 0 0 0 0 17
4 0 19 5 0 20 20 20 21
6 6 19 7 8 8 0 0 21
9 0 19 7 10 0 0 0 21
9 22 22 22 10 11 11 12 12
0 13 13 13 0 14 0 0 0
2 0 0 15 0 14 16 16 16
2 0 0 15 0 14 0 0 17
3 3 0 15 0 18 18 18 17
4 1 1 5 0 0 0 0 17
4 0 19 5 0 20 20 20 21
6 6 19 7 8 8 0 0 21
9 0 19 7 10 0 0 0 21
9 22 22 22 10 11 11 12 12
0 13 13 13 0 14 0 0 0
2 0 0 15 0 14 16 16 16
2 0 0 15 0 14 0 0 17
3 3 0 15 0 18 18 18 17
4 1 1 5 0 0 0 0 17
4 0 19 5 0 20 20 20 21
6 6 19 7 0 8 8 0 21
9 0 19 7 10 0 0 0 21
9 22 22 22 10 11 11 12 12
0 13 13 13 0 14 0 0 0
2 0 0 15 0 14 16 16 16
2 0 0 15 0 14 0 0 17
3 3 0 15 0 18 18 18 17
4 1 1 5 0 0 0 0 17
4 0 19 5 0 20 20 20 21
6 6 19 7 0 0 8 8 21
9 0 19 7 10 0 0 0 21
9 22 22 22 10 11 11 12 12
0 13 13 13 0 14 0 0 0
2 0 0 15 0 14 16 16 16
2 0 0 15 0 14 0 0 17
3 3 0 15 0 18 18 18 17
4 1 1 5 0 0 0 0 17
4 0 19 5 0 20 20 20 21
6 6 19 7 10 0 8 8 21
9 0 19 7 10 0 0 0 21
9 22 22 22 0 11 11 12 12
0 13 13 13 0 14 0 0 0
2 0 0 15 0 14 16 16 16
2 0 0 15 0 14 0 0 17
3 3 0 15 0 18 18 18 17
4 1 1 5 0 0 0 0 17
4 0 19 5 0 20 20 20 21
6 6 19 7 10 0 8 8 21
9 0 19 7 10 0 0 0 21
9 22 22 22 11 11 0 12 12
0 13 13 13 0 14 0 0 0
2 0 0 15 0 14 16 16 16
2 0 0 15 0 14 0 0 17
3 3 0 15 0 18 18 18 17
4 1 1 5 0 0 0 0 17
4 0 19 5 0 20 20 20 21
6 6 19 7 10 0 8 8 21
9 0 19 7 10 0 0 0 21
9 22 22 22 11 11 12 12 0
13 13 13 0 0 14 0 0 0
2 0 0 15 0 14 16 16 16
2 0 0 15 0 14 0 0 17
3 3 0 15 0 18 18 18 17
4 1 1 5 0 0 0 0 17
4 0 19 5 0 20 20 20 21
6 6 19 7 10 0 8 8 21
9 0 19 7 10 0 0 0 21
9 22 22 22 11 11 12 12 0
13 13 13 15 0 14 0 0 0
2 0 0 15 0 14 16 16 16
2 0 0 15 0 14 0 0 17
3 3 0 0 0 18 18 18 17
4 1 1 5 0 0 0 0 17
4 0 19 5 0 20 20 20 21
6 6 19 7 10 0 8 8 21
9 0 19 7 10 0 0 0 21
9 22 22 22 11 11 12 12 0
13 13 13 15 0 14 0 0 0
2 0 0 15 0 14 16 16 16
2 0 0 15 0 14 0 0 17
3 3 0 0 18 18 18 0 17
4 1 1 5 0 0 0 0 17
4 0 19 5 0 20 20 20 21
6 6 19 7 10 0 8 8 21
9 0 19 7 10 0 0 0 21
9 22 22 22 11 11 12 12 0
13 13 13 15 0 14 0 0 0
2 0 0 15 0 14 16 16 16
2 0 0 15 0 14 0 0 17
3 3 0 18 18 18 0 0 17
4 1 1 5 0 0 0 0 17
4 0 19 5 0 20 20 20 21
6 6 19 7 10 0 8 8 21
9 0 19 7 10 0 0 0 21
9 22 22 22 11 11 12 12 0
13 13 13 15 0 14 0 0 0
2 0 0 15 0 14 16 16 16
2 0 0 15 0 14 0 0 17
3 3 18 18 18 0 0 0 17
4 1 1 5 0 0 0 0 17
4 0 19 5 0 20 20 20 21
6 6 19 7 10 0 8 8 21
9 0 19 7 10 0 0 0 21
9 22 22 22 11 11 12 12 0
13 13 13 15 0 0 0 0 0
2 0 0 15 0 14 16 16 16
2 0 0 15 0 14 0 0 17
3 3 18 18 18 14 0 0 17
4 1 1 5 0 0 0 0 17
4 0 19 5 0 20 20 20 21
6 6 19 7 10 0 8 8 21
9 0 19 7 10 0 0 0 21
9 22 22 22 11 11 12 12 0
13 13 13 15 0 0 0 0 0
2 0 0 15 0 0 16 16 16
2 0 0 15 0 14 0 0 17
3 3 18 18 18 14 0 0 17
4 1 1 5 0 14 0 0 17
4 0 19 5 0 20 20 20 21
6 6 19 7 10 0 8 8 21
9 0 19 7 10 0 0 0 21
9 22 22 22 11 11 12 12 0
13 13 13 15 0 0 0 0 0
2 0 0 15 0 16 16 16 0
2 0 0 15 0 14 0 0 17
3 3 18 18 18 14 0 0 17
4 1 1 5 0 14 0 0 17
4 0 19 5 0 20 20 20 21
6 6 19 7 10 0 8 8 21
9 0 19 7 10 0 0 0 21
9 22 22 22 11 11 12 12 0
13 13 13 15 0 0 0 0 0
2 0 0 15 0 16 16 16 17
2 0 0 15 0 14 0 0 17
3 3 18 18 18 14 0 0 17
4 1 1 5 0 14 0 0 0
4 0 19 5 0 20 20 20 21
6 6 19 7 10 0 8 8 21
9 0 19 7 10 0 0 0 21
9 22 22 22 11 11 12 12 0
13 13 13 15 0 0 0 0 17
2 0 0 15 0 16 16 16 17
2 0 0 15 0 14 0 0 17
3 3 18 18 18 14 0 0 0
4 1 1 5 0 14 0 0 0
4 0 19 5 0 20 20 20 21
6 6 19 7 10 0 8 8 21
9 0 19 7 10 0 0 0 21
9 22 22 22 11 11 12 12 0
13 13 13 15 0 0 0 0 17
2 0 0 15 0 16 16 16 17
2 0 0 15 0 14 0 0 17
3 3 18 18 18 14 0 0 0
4 1 1 5 0 14 0 0 0
4 0 19 5 0 20 20 20 0
6 6 19 7 10 0 8 8 21
9 0 19 7 10 0 0 0 21
9 22 22 22 11 11 12 12 21
13 13 13 15 0 0 0 0 17
2 0 0 15 0 16 16 16 17
2 0 0 15 0 14 0 0 17
3 3 18 18 18 14 0 0 0
4 1 1 5 0 14 0 0 0
4 0 19 5 0 0 20 20 20
6 6 19 7 10 0 8 8 21
9 0 19 7 10 0 0 0 21
9 22 22 22 11 11 12 12 21
13 13 13 15 0 0 0 0 17
2 0 0 15 0 16 16 16 17
2 0 0 15 0 0 0 0 17
3 3 18 18 18 14 0 0 0
4 1 1 5 0 14 0 0 0
4 0 19 5 0 14 20 20 20
6 6 19 7 10 0 8 8 21
9 0 19 7 10 0 0 0 21
9 22 22 22 11 11 12 12 21
13 13 13 15 0 0 0 0 17
2 0 0 15 0 16 16 16 17
2 0 0 15 0 0 0 0 17
3 3 18 18 18 0 0 0 0
4 1 1 5 0 14 0 0 0
4 0 19 5 0 14 20 20 20
6 6 19 7 10 14 8 8 21
9 0 19 7 10 0 0 0 21
9 22 22 22 11 11 12 12 21
13 13 13 15 0 0 0 0 17
2 0 0 15 0 16 16 16 17
2 0 0 15 0 0 0 0 17
3 3 18 18 18 0 0 0 0
4 1 1 5 0 0 0 0 0
4 0 19 5 0 14 20 20 20
6 6 19 7 10 14 8 8 21
9 0 19 7 10 14 0 0 21
9 22 22 22 11 11 12 12 21
13 13 13 15 0 0 0 0 17
2 0 0 15 0 16 16 16 17
2 0 0 15 0 0 0 0 17
3 3 0 18 18 18 0 0 0
4 1 1 5 0 0 0 0 0
4 0 19 5 0 14 20 20 20
6 6 19 7 10 14 8 8 21
9 0 19 7 10 14 0 0 21
9 22 22 22 11 11 12 12 21
13 13 13 15 0 0 0 0 17
2 0 0 15 0 16 16 16 17
2 0 0 15 0 0 0 0 17
0 3 3 18 18 18 0 0 0
4 1 1 5 0 0 0 0 0
4 0 19 5 0 14 20 20 20
6 6 19 7 10 14 8 8 21
9 0 19 7 10 14 0 0 21
9 22 22 22 11 11 12 12 21
13 13 13 15 0 0 0 0 17
2 0 0 15 0 16 16 16 17
2 0 0 15 0 0 0 0 17
4 3 3 18 18 18 0 0 0
4 1 1 5 0 0 0 0 0
0 0 19 5 0 14 20 20 20
6 6 19 7 10 14 8 8 21
9 0 19 7 10 14 0 0 21
9 22 22 22 11 11 12 12 21
13 13 13 15 0 0 0 0 17
2 0 0 15 0 16 16 16 17
2 0 0 15 0 0 0 0 17
4 3 3 0 18 18 18 0 0
4 1 1 5 0 0 0 0 0
0 0 19 5 0 14 20 20 20
6 6 19 7 10 14 8 8 21
9 0 19 7 10 14 0 0 21
9 22 22 22 11 11 12 12 21
13 13 13 15 0 0 0 0 17
2 0 0 15 0 16 16 16 17
2 0 0 15 0 0 0 0 17
4 0 3 3 18 18 18 0 0
4 1 1 5 0 0 0 0 0
0 0 19 5 0 14 20 20 20
6 6 19 7 10 14 8 8 21
9 0 19 7 10 14 0 0 21
9 22 22 22 11 11 12 12 21
13 13 13 15 0 0 0 0 17
2 0 0 15 0 16 16 16 17
2 0 0 15 0 0 0 0 17
4 0 3 3 0 18 18 18 0
4 1 1 5 0 0 0 0 0
0 0 19 5 0 14 20 20 20
6 6 19 7 10 14 8 8 21
9 0 19 7 10 14 0 0 21
9 22 22 22 11 11 12 12 21
13 13 13 15 0 0 0 0 17
2 0 0 15 0 16 16 16 17
2 0 0 15 0 0 0 0 17
4 0 0 3 3 18 18 18 0
4 1 1 5 0 0 0 0 0
0 0 19 5 0 14 20 20 20
6 6 19 7 10 14 8 8 21
9 0 19 7 10 14 0 0 21
9 22 22 22 11 11 12 12 21
13 13 13 15 0 0 0 0 17
2 0 0 15 0 16 16 16 17
2 0 0 15 0 0 0 0 17
4 0 0 3 3 0 18 18 18
4 1 1 5 0 0 0 0 0
0 0 19 5 0 14 20 20 20
6 6 19 7 10 14 8 8 21
9 0 19 7 10 14 0 0 21
9 22 22 22 11 11 12 12 21
13 13 13 15 0 0 0 0 17
2 0 0 15 0 16 16 16 17
2 0 0 15 0 0 0 0 17
4 0 0 0 3 3 18 18 18
4 1 1 5 0 0 0 0 0
0 0 19 5 0 14 20 20 20
6 6 19 7 10 14 8 8 21
9 0 19 7 10 14 0 0 21
9 22 22 22 11 11 12 12 21
13 13 13 0 0 0 0 0 17
2 0 0 15 0 16 16 16 17
2 0 0 15 0 0 0 0 17
4 0 0 15 3 3 18 18 18
4 1 1 5 0 0 0 0 0
0 0 19 5 0 14 20 20 20
6 6 19 7 10 14 8 8 21
9 0 19 7 10 14 0 0 21
9 22 22 22 11 11 12 12 21
0 13 13 13 0 0 0 0 17
2 0 0 15 0 16 16 16 17
2 0 0 15 0 0 0 0 17
4 0 0 15 3 3 18 18 18
4 1 1 5 0 0 0 0 0
0 0 19 5 0 14 20 20 20
6 6 19 7 10 14 8 8 21
9 0 19 7 10 14 0 0 21
9 22 22 22 11 11 12 12 21
2 13 13 13 0 0 0 0 17
2 0 0 15 0 16 16 16 17
0 0 0 15 0 0 0 0 17
4 0 0 15 3 3 18 18 18
4 1 1 5 0 0 0 0 0
0 0 19 5 0 14 20 20 20
6 6 19 7 10 14 8 8 21
9 0 19 7 10 14 0 0 21
9 22 22 22 11 11 12 12 21
2 13 13 13 0 0 0 0 17
2 0 0 15 0 16 16 16 17
4 0 0 15 0 0 0 0 17
4 0 0 15 3 3 18 18 18
0 1 1 5 0 0 0 0 0
0 0 19 5 0 14 20 20 20
6 6 19 7 10 14 8 8 21
9 0 19 7 10 14 0 0 21
9 22 22 22 11 11 12 12 21
2 13 13 13 0 0 0 0 17
2 0 0 15 0 16 16 16 17
4 0 0 15 0 0 0 0 17
4 0 0 15 3 3 18 18 18
1 1 0 5 0 0 0 0 0
0 0 19 5 0 14 20 20 20
6 6 19 7 10 14 8 8 21
9 0 19 7 10 14 0 0 21
9 22 22 22 11 11 12 12 21
2 13 13 13 0 0 0 0 17
2 0 0 15 0 16 16 16 17
4 0 0 15 0 0 0 0 17
4 0 0 15 3 3 18 18 18
1 1 19 5 0 0 0 0 0
0 0 19 5 0 14 20 20 20
6 6 19 7 10 14 8 8 21
9 0 0 7 10 14 0 0 21
9 22 22 22 11 11 12 12 21
2 13 13 13 0 0 0 0 17
2 0 0 15 0 16 16 16 17
4 0 0 15 0 0 0 0 17
4 0 19 15 3 3 18 18 18
1 1 19 5 0 0 0 0 0
0 0 19 5 0 14 20 20 20
6 6 0 7 10 14 8 8 21
9 0 0 7 10 14 0 0 21
9 22 22 22 11 11 12 12 21
2 13 13 13 0 0 0 0 17
2 0 0 15 0 16 16 16 17
4 0 0 15 0 0 0 0 17
4 0 19 15 3 3 18 18 18
1 1 19 5 0 0 0 0 0
0 0 19 5 0 14 20 20 20
0 6 6 7 10 14 8 8 21
9 0 0 7 10 14 0 0 21
9 22 22 22 11 11 12 12 21
2 13 13 13 0 0 0 0 17
2 0 0 15 0 16 16 16 17
4 0 0 15 0 0 0 0 17
4 0 19 15 3 3 18 18 18
1 1 19 5 0 0 0 0 0
0 0 19 5 0 14 20 20 20
9 6 6 7 10 14 8 8 21
9 0 0 7 10 14 0 0 21
0 22 22 22 11 11 12 12 21
2 13 13 13 0 0 0 0 17
2 0 0 15 0 16 16 16 17
4 0 19 15 0 0 0 0 17
4 0 19 15 3 3 18 18 18
1 1 19 5 0 0 0 0 0
0 0 0 5 0 14 20 20 20
9 6 6 7 10 14 8 8 21
9 0 0 7 10 14 0 0 21
0 22 22 22 11 11 12 12 21
2 13 13 13 0 0 0 0 17
2 0 19 15 0 16 16 16 17
4 0 19 15 0 0 0 0 17
4 0 19 15 3 3 18 18 18
1 1 0 5 0 0 0 0 0
0 0 0 5 0 14 20 20 20
9 6 6 7 10 14 8 8 21
9 0 0 7 10 14 0 0 21
0 22 22 22 11 11 12 12 21
2 13 13 13 0 0 0 0 17
2 0 19 15 0 16 16 16 17
4 0 19 15 0 0 0 0 17
4 0 19 15 3 3 18 18 18
0 1 1 5 0 0 0 0 0
0 0 0 5 0 14 20 20 20
9 6 6 7 10 14 8 8 21
9 0 0 7 10 14 0 0 21
0 22 22 22 11 11 12 12 21
2 13 13 13 0 0 0 0 17
2 0 19 15 0 16 16 16 17
4 0 19 15 0 0 0 0 17
4 0 19 15 3 3 18 18 18
0 1 1 5 0 0 0 0 0
0 0 0 5 0 14 20 20 20
9 6 6 7 10 14 8 8 21
9 0 0 7 10 14 0 0 21
22 22 22 0 11 11 12 12 21
2 13 13 13 0 0 0 0 17
2 0 19 15 0 16 16 16 17
4 0 19 15 0 0 0 0 17
4 0 19 15 3 3 18 18 18
0 1 1 5 0 0 0 0 0
0 0 0 5 0 14 20 20 20
9 6 6 0 10 14 8 8 21
9 0 0 7 10 14 0 0 21
22 22 22 7 11 11 12 12 21
2 13 13 13 0 0 0 0 17
2 0 19 15 0 16 16 16 17
4 0 19 15 0 0 0 0 17
4 0 19 15 3 3 18 18 18
0 1 1 0 0 0 0 0 0
0 0 0 5 0 14 20 20 20
9 6 6 5 10 14 8 8 21
9 0 0 7 10 14 0 0 21
22 22 22 7 11 11 12 12 21
2 13 13 13 0 0 0 0 17
2 0 19 15 0 16 16 16 17
4 0 19 15 0 0 0 0 17
4 0 19 15 3 3 18 18 18
0 0 1 1 0 0 0 0 0
0 0 0 5 0 14 20 20 20
9 6 6 5 10 14 8 8 21
9 0 0 7 10 14 0 0 21
22 22 22 7 11 11 12 12 21
2 13 13 13 0 0 0 0 17
2 0 19 15 0 16 16 16 17
4 0 19 15 0 0 0 0 17
4 0 19 15 3 3 18 18 18
0 0 0 1 1 0 0 0 0
0 0 0 5 0 14 20 20 20
9 6 6 5 10 14 8 8 21
9 0 0 7 10 14 0 0 21
22 22 22 7 11 11 12 12 21
2 13 13 13 0 0 0 0 17
2 0 19 15 0 16 16 16 17
4 0 19 15 0 0 0 0 17
4 0 19 15 3 3 18 18 18
0 0 0 0 1 1 0 0 0
0 0 0 5 0 14 20 20 20
9 6 6 5 10 14 8 8 21
9 0 0 7 10 14 0 0 21
22 22 22 7 11 11 12 12 21
2 13 13 13 0 0 0 0 17
2 0 19 15 0 16 16 16 17
4 0 19 15 0 0 0 0 17
4 0 19 15 3 3 18 18 18
0 0 0 0 0 1 1 0 0
0 0 0 5 0 14 20 20 20
9 6 6 5 10 14 8 8 21
9 0 0 7 10 14 0 0 21
22 22 22 7 11 11 12 12 21
2 13 13 13 0 0 0 0 17
2 0 19 15 0 16 16 16 17
4 0 19 15 0 0 0 0 17
4 0 19 15 3 3 18 18 18
0 0 0 0 0 0 1 1 0
0 0 0 5 0 14 20 20 20
9 6 6 5 10 14 8 8 21
9 0 0 7 10 14 0 0 21
22 22 22 7 11 11 12 12 21
2 13 13 13 0 0 0 0 17
2 0 19 15 0 16 16 16 17
4 0 19 15 0 0 0 0 17
4 0 19 15 3 3 18 18 18
0 0 0 0 0 0 0 1 1
0 0 0 5 0 14 20 20 20
9 6 6 5 10 14 8 8 21
9 0 0 7 10 14 0 0 21
22 22 22 7 11 11 12 12 21
