0 0 2 2 3 3
0 4 4 5 5 13
0 0 1 1 6 13
7 7 8 8 6 13
9 0 0 10 11 11
9 0 0 10 12 12
0 0 2 2 3 3
0 4 4 5 5 13
0 0 1 1 6 13
7 7 8 8 6 13
9 0 0 10 11 11
9 0 0 10 12 12
0 2 2 0 3 3
0 4 4 5 5 13
0 0 1 1 6 13
7 7 8 8 6 13
9 0 0 10 11 11
9 0 0 10 12 12
2 2 0 0 3 3
0 4 4 5 5 13
0 0 1 1 6 13
7 7 8 8 6 13
9 0 0 10 11 11
9 0 0 10 12 12
2 2 0 0 3 3
4 4 0 5 5 13
0 0 1 1 6 13
7 7 8 8 6 13
9 0 0 10 11 11
9 0 0 10 12 12
2 2 0 0 3 3
4 4 5 5 0 13
0 0 1 1 6 13
7 7 8 8 6 13
9 0 0 10 11 11
9 0 0 10 12 12
2 2 0 0 3 3
4 4 5 5 6 13
0 0 1 1 6 13
7 7 8 8 0 13
9 0 0 10 11 11
9 0 0 10 12 12
2 2 0 0 3 3
4 4 5 5 6 13
0 0 1 1 6 13
7 7 0 8 8 13
9 0 0 10 11 11
9 0 0 10 12 12
2 2 0 0 3 3
4 4 5 5 6 13
0 0 1 1 6 13
0 7 7 8 8 13
9 0 0 10 11 11
9 0 0 10 12 12
2 2 0 0 3 3
4 4 5 5 6 13
0 0 1 1 6 13
9 7 7 8 8 13
9 0 0 10 11 11
0 0 0 10 12 12
2 2 0 3 3 0
4 4 5 5 6 13
0 0 1 1 6 13
9 7 7 8 8 13
9 0 0 10 11 11
0 0 0 10 12 12
2 2 0 3 3 13
4 4 5 5 6 13
0 0 1 1 6 13
9 7 7 8 8 0
9 0 0 10 11 11
0 0 0 10 12 12
2 2 0 3 3 13
4 4 5 5 6 13
0 0 1 1 6 13
9 7 7 0 8 8
9 0 0 10 11 11
0 0 0 10 12 12
2 2 0 3 3 13
4 4 5 5 6 13
0 0 1 1 6 13
9 7 7 10 8 8
9 0 0 10 11 11
0 0 0 0 12 12
2 2 0 3 3 13
4 4 5 5 6 13
0 1 1 0 6 13
9 7 7 10 8 8
9 0 0 10 11 11
0 0 0 0 12 12
2 2 3 3 0 13
4 4 5 5 6 13
0 1 1 0 6 13
9 7 7 10 8 8
9 0 0 10 11 11
0 0 0 0 12 12
2 2 3 3 0 13
4 4 5 5 6 13
9 1 1 0 6 13
9 7 7 10 8 8
0 0 0 10 11 11
0 0 0 0 12 12
2 2 3 3 0 13
4 4 5 5 6 13
9 1 1 10 6 13
9 7 7 10 8 8
0 0 0 0 11 11
0 0 0 0 12 12
2 2 3 3 0 13
4 4 5 5 6 13
9 1 1 10 6 13
9 7 7 10 8 8
0 0 0 11 11 0
0 0 0 0 12 12
2 2 3 3 0 13
4 4 5 5 6 13
9 1 1 10 6 13
9 7 7 10 8 8
0 0 11 11 0 0
0 0 0 0 12 12
2 2 3 3 0 13
4 4 5 5 6 13
9 1 1 10 6 13
9 7 7 10 8 8
0 11 11 0 0 0
0 0 0 0 12 12
2 2 3 3 0 13
4 4 5 5 6 13
9 1 1 10 6 13
9 7 7 10 8 8
0 11 11 0 0 0
0 0 0 12 12 0
2 2 3 3 0 13
4 4 5 5 6 13
9 1 1 10 6 13
9 7 7 10 8 8
0 11 11 0 0 0
0 0 12 12 0 0
2 2 3 3 0 13
4 4 5 5 6 13
9 1 1 10 6 13
9 7 7 10 8 8
0 11 11 0 0 0
0 12 12 0 0 0
2 2 3 3 0 13
4 4 5 5 6 13
9 1 1 0 6 13
9 7 7 10 8 8
0 11 11 10 0 0
0 12 12 0 0 0
2 2 3 3 0 13
4 4 5 5 6 13
9 0 1 1 6 13
9 7 7 10 8 8
0 11 11 10 0 0
0 12 12 0 0 0
2 2 3 3 6 13
4 4 5 5 6 13
9 0 1 1 0 13
9 7 7 10 8 8
0 11 11 10 0 0
0 12 12 0 0 0
2 2 3 3 6 13
4 4 5 5 6 13
9 0 1 1 0 13
9 7 7 0 8 8
0 11 11 10 0 0
0 12 12 10 0 0
2 2 3 3 6 13
4 4 5 5 6 13
9 0 1 1 0 13
9 7 7 8 8 0
0 11 11 10 0 0
0 12 12 10 0 0
2 2 3 3 6 13
4 4 5 5 6 13
9 0 0 1 1 13
9 7 7 8 8 0
0 11 11 10 0 0
0 12 12 10 0 0
2 2 3 3 6 0
4 4 5 5 6 13
9 0 0 1 1 13
9 7 7 8 8 13
0 11 11 10 0 0
0 12 12 10 0 0
2 2 3 3 6 0
4 4 5 5 6 0
9 0 0 1 1 13
9 7 7 8 8 13
0 11 11 10 0 13
0 12 12 10 0 0
2 2 3 3 6 0
4 4 5 5 6 0
9 0 0 1 1 0
9 7 7 8 8 13
0 11 11 10 0 13
0 12 12 10 0 13
2 2 3 3 6 0
4 4 5 5 6 0
9 0 0 0 1 1
9 7 7 8 8 13
0 11 11 10 0 13
0 12 12 10 0 13
