0.00    2.00    2.00    13.00   13.00   13.00  
0.00    3.00    3.00    4.00    5.00    5.00   
1.00    1.00    6.00    4.00    0.00    7.00   
8.00    8.00    6.00    9.00    9.00    7.00   
10.00   0.00    11.00   0.00    12.00   12.00  
10.00   0.00    11.00   0.00    0.00    0.00   

0.00    2.00    2.00    13.00   13.00   13.00  
0.00    3.00    3.00    4.00    5.00    5.00   
1.00    1.00    6.00    4.00    0.00    7.00   
8.00    8.00    6.00    9.00    9.00    7.00   
10.00   0.00    11.00   0.00    12.00   12.00  
10.00   0.00    11.00   0.00    0.00    0.00   

0.00    2.00    2.00    13.00   13.00   13.00  
3.00    3.00    0.00    4.00    5.00    5.00   
1.00    1.00    6.00    4.00    0.00    7.00   
8.00    8.00    6.00    9.00    9.00    7.00   
10.00   0.00    11.00   0.00    12.00   12.00  
10.00   0.00    11.00   0.00    0.00    0.00   

2.00    2.00    0.00    13.00   13.00   13.00  
3.00    3.00    0.00    4.00    5.00    5.00   
1.00    1.00    6.00    4.00    0.00    7.00   
8.00    8.00    6.00    9.00    9.00    7.00   
10.00   0.00    11.00   0.00    12.00   12.00  
10.00   0.00    11.00   0.00    0.00    0.00   

2.00    2.00    0.00    13.00   13.00   13.00  
3.00    3.00    6.00    4.00    5.00    5.00   
1.00    1.00    6.00    4.00    0.00    7.00   
8.00    8.00    0.00    9.00    9.00    7.00   
10.00   0.00    11.00   0.00    12.00   12.00  
10.00   0.00    11.00   0.00    0.00    0.00   

2.00    2.00    6.00    13.00   13.00   13.00  
3.00    3.00    6.00    4.00    5.00    5.00   
1.00    1.00    0.00    4.00    0.00    7.00   
8.00    8.00    0.00    9.00    9.00    7.00   
10.00   0.00    11.00   0.00    12.00   12.00  
10.00   0.00    11.00   0.00    0.00    0.00   

2.00    2.00    6.00    13.00   13.00   13.00  
3.00    3.00    6.00    4.00    5.00    5.00   
0.00    1.00    1.00    4.00    0.00    7.00   
8.00    8.00    0.00    9.00    9.00    7.00   
10.00   0.00    11.00   0.00    12.00   12.00  
10.00   0.00    11.00   0.00    0.00    0.00   

2.00    2.00    6.00    13.00   13.00   13.00  
3.00    3.00    6.00    4.00    5.00    5.00   
0.00    1.00    1.00    4.00    0.00    7.00   
8.00    8.00    11.00   9.00    9.00    7.00   
10.00   0.00    11.00   0.00    12.00   12.00  
10.00   0.00    0.00    0.00    0.00    0.00   

2.00    2.00    6.00    13.00   13.00   13.00  
3.00    3.00    6.00    4.00    5.00    5.00   
0.00    1.00    1.00    4.00    0.00    7.00   
8.00    8.00    11.00   9.00    9.00    7.00   
10.00   0.00    11.00   12.00   12.00   0.00   
10.00   0.00    0.00    0.00    0.00    0.00   

2.00    2.00    6.00    13.00   13.00   13.00  
3.00    3.00    6.00    4.00    5.00    5.00   
1.00    1.00    0.00    4.00    0.00    7.00   
8.00    8.00    11.00   9.00    9.00    7.00   
10.00   0.00    11.00   12.00   12.00   0.00   
10.00   0.00    0.00    0.00    0.00    0.00   

2.00    2.00    6.00    13.00   13.00   13.00  
3.00    3.00    6.00    4.00    5.00    5.00   
1.00    1.00    11.00   4.00    0.00    7.00   
8.00    8.00    11.00   9.00    9.00    7.00   
10.00   0.00    0.00    12.00   12.00   0.00   
10.00   0.00    0.00    0.00    0.00    0.00   

2.00    2.00    6.00    13.00   13.00   13.00  
3.00    3.00    6.00    4.00    5.00    5.00   
1.00    1.00    11.00   4.00    0.00    7.00   
8.00    8.00    11.00   9.00    9.00    7.00   
10.00   0.00    12.00   12.00   0.00    0.00   
10.00   0.00    0.00    0.00    0.00    0.00   

2.00    2.00    6.00    13.00   13.00   13.00  
3.00    3.00    6.00    4.00    5.00    5.00   
1.00    1.00    11.00   4.00    0.00    7.00   
8.00    8.00    11.00   9.00    9.00    7.00   
10.00   12.00   12.00   0.00    0.00    0.00   
10.00   0.00    0.00    0.00    0.00    0.00   

2.00    2.00    6.00    13.00   13.00   13.00  
3.00    3.00    6.00    4.00    5.00    5.00   
1.00    1.00    11.00   4.00    0.00    0.00   
8.00    8.00    11.00   9.00    9.00    7.00   
10.00   12.00   12.00   0.00    0.00    7.00   
10.00   0.00    0.00    0.00    0.00    0.00   

2.00    2.00    6.00    13.00   13.00   13.00  
3.00    3.00    6.00    4.00    5.00    5.00   
1.00    1.00    11.00   4.00    0.00    0.00   
8.00    8.00    11.00   9.00    9.00    0.00   
10.00   12.00   12.00   0.00    0.00    7.00   
10.00   0.00    0.00    0.00    0.00    7.00   

2.00    2.00    6.00    13.00   13.00   13.00  
3.00    3.00    6.00    4.00    5.00    5.00   
1.00    1.00    11.00   4.00    0.00    0.00   
8.00    8.00    11.00   0.00    9.00    9.00   
10.00   12.00   12.00   0.00    0.00    7.00   
10.00   0.00    0.00    0.00    0.00    7.00   

2.00    2.00    6.00    13.00   13.00   13.00  
3.00    3.00    6.00    0.00    5.00    5.00   
1.00    1.00    11.00   4.00    0.00    0.00   
8.00    8.00    11.00   4.00    9.00    9.00   
10.00   12.00   12.00   0.00    0.00    7.00   
10.00   0.00    0.00    0.00    0.00    7.00   

2.00    2.00    6.00    13.00   13.00   13.00  
3.00    3.00    6.00    0.00    5.00    5.00   
1.00    1.00    11.00   0.00    0.00    0.00   
8.00    8.00    11.00   4.00    9.00    9.00   
10.00   12.00   12.00   4.00    0.00    7.00   
10.00   0.00    0.00    0.00    0.00    7.00   

2.00    2.00    6.00    13.00   13.00   13.00  
3.00    3.00    6.00    0.00    5.00    5.00   
1.00    1.00    11.00   0.00    0.00    0.00   
8.00    8.00    11.00   0.00    9.00    9.00   
10.00   12.00   12.00   4.00    0.00    7.00   
10.00   0.00    0.00    4.00    0.00    7.00   

2.00    2.00    6.00    13.00   13.00   13.00  
3.00    3.00    6.00    0.00    5.00    5.00   
1.00    1.00    11.00   0.00    0.00    0.00   
8.00    8.00    11.00   9.00    9.00    0.00   
10.00   12.00   12.00   4.00    0.00    7.00   
10.00   0.00    0.00    4.00    0.00    7.00   

2.00    2.00    6.00    13.00   13.00   13.00  
3.00    3.00    6.00    0.00    5.00    5.00   
1.00    1.00    11.00   0.00    0.00    0.00   
8.00    8.00    11.00   9.00    9.00    7.00   
10.00   12.00   12.00   4.00    0.00    7.00   
10.00   0.00    0.00    4.00    0.00    0.00   

2.00    2.00    6.00    13.00   13.00   13.00  
3.00    3.00    6.00    0.00    5.00    5.00   
1.00    1.00    11.00   0.00    0.00    7.00   
8.00    8.00    11.00   9.00    9.00    7.00   
10.00   12.00   12.00   4.00    0.00    0.00   
10.00   0.00    0.00    4.00    0.00    0.00   

2.00    2.00    6.00    13.00   13.00   13.00  
3.00    3.00    6.00    5.00    5.00    0.00   
1.00    1.00    11.00   0.00    0.00    7.00   
8.00    8.00    11.00   9.00    9.00    7.00   
10.00   12.00   12.00   4.00    0.00    0.00   
10.00   0.00    0.00    4.00    0.00    0.00   

2.00    2.00    6.00    13.00   13.00   13.00  
3.00    3.00    6.00    5.00    5.00    7.00   
1.00    1.00    11.00   0.00    0.00    7.00   
8.00    8.00    11.00   9.00    9.00    0.00   
10.00   12.00   12.00   4.00    0.00    0.00   
10.00   0.00    0.00    4.00    0.00    0.00   

2.00    2.00    6.00    13.00   13.00   13.00  
3.00    3.00    6.00    5.00    5.00    7.00   
1.00    1.00    11.00   0.00    0.00    7.00   
8.00    8.00    11.00   0.00    9.00    9.00   
10.00   12.00   12.00   4.00    0.00    0.00   
10.00   0.00    0.00    4.00    0.00    0.00   

2.00    2.00    6.00    13.00   13.00   13.00  
3.00    3.00    6.00    5.00    5.00    7.00   
1.00    1.00    11.00   0.00    0.00    7.00   
8.00    8.00    11.00   4.00    9.00    9.00   
10.00   12.00   12.00   4.00    0.00    0.00   
10.00   0.00    0.00    0.00    0.00    0.00   

2.00    2.00    6.00    13.00   13.00   13.00  
3.00    3.00    6.00    5.00    5.00    7.00   
1.00    1.00    11.00   4.00    0.00    7.00   
8.00    8.00    11.00   4.00    9.00    9.00   
10.00   12.00   12.00   0.00    0.00    0.00   
10.00   0.00    0.00    0.00    0.00    0.00   

2.00    2.00    6.00    13.00   13.00   13.00  
3.00    3.00    6.00    5.00    5.00    7.00   
1.00    1.00    11.00   4.00    0.00    7.00   
8.00    8.00    11.00   4.00    9.00    9.00   
10.00   0.00    12.00   12.00   0.00    0.00   
10.00   0.00    0.00    0.00    0.00    0.00   

2.00    2.00    6.00    13.00   13.00   13.00  
3.00    3.00    6.00    5.00    5.00    7.00   
1.00    1.00    11.00   4.00    0.00    7.00   
8.00    8.00    11.00   4.00    9.00    9.00   
10.00   0.00    0.00    12.00   12.00   0.00   
10.00   0.00    0.00    0.00    0.00    0.00   

2.00    2.00    6.00    13.00   13.00   13.00  
3.00    3.00    6.00    5.00    5.00    7.00   
1.00    1.00    0.00    4.00    0.00    7.00   
8.00    8.00    11.00   4.00    9.00    9.00   
10.00   0.00    11.00   12.00   12.00   0.00   
10.00   0.00    0.00    0.00    0.00    0.00   

2.00    2.00    6.00    13.00   13.00   13.00  
3.00    3.00    6.00    5.00    5.00    7.00   
0.00    1.00    1.00    4.00    0.00    7.00   
8.00    8.00    11.00   4.00    9.00    9.00   
10.00   0.00    11.00   12.00   12.00   0.00   
10.00   0.00    0.00    0.00    0.00    0.00   

2.00    2.00    6.00    13.00   13.00   13.00  
3.00    3.00    6.00    5.00    5.00    7.00   
0.00    1.00    1.00    4.00    0.00    7.00   
8.00    8.00    11.00   4.00    9.00    9.00   
10.00   0.00    11.00   0.00    12.00   12.00  
10.00   0.00    0.00    0.00    0.00    0.00   

2.00    2.00    6.00    13.00   13.00   13.00  
3.00    3.00    6.00    5.00    5.00    7.00   
0.00    1.00    1.00    0.00    0.00    7.00   
8.00    8.00    11.00   4.00    9.00    9.00   
10.00   0.00    11.00   4.00    12.00   12.00  
10.00   0.00    0.00    0.00    0.00    0.00   

2.00    2.00    6.00    13.00   13.00   13.00  
3.00    3.00    6.00    5.00    5.00    7.00   
0.00    0.00    1.00    1.00    0.00    7.00   
8.00    8.00    11.00   4.00    9.00    9.00   
10.00   0.00    11.00   4.00    12.00   12.00  
10.00   0.00    0.00    0.00    0.00    0.00   

2.00    2.00    6.00    13.00   13.00   13.00  
3.00    3.00    6.00    5.00    5.00    7.00   
0.00    0.00    0.00    1.00    1.00    7.00   
8.00    8.00    11.00   4.00    9.00    9.00   
10.00   0.00    11.00   4.00    12.00   12.00  
10.00   0.00    0.00    0.00    0.00    0.00   

2.00    2.00    0.00    13.00   13.00   13.00  
3.00    3.00    6.00    5.00    5.00    7.00   
0.00    0.00    6.00    1.00    1.00    7.00   
8.00    8.00    11.00   4.00    9.00    9.00   
10.00   0.00    11.00   4.00    12.00   12.00  
10.00   0.00    0.00    0.00    0.00    0.00   

2.00    2.00    13.00   13.00   13.00   0.00   
3.00    3.00    6.00    5.00    5.00    7.00   
0.00    0.00    6.00    1.00    1.00    7.00   
8.00    8.00    11.00   4.00    9.00    9.00   
10.00   0.00    11.00   4.00    12.00   12.00  
10.00   0.00    0.00    0.00    0.00    0.00   

2.00    2.00    13.00   13.00   13.00   7.00   
3.00    3.00    6.00    5.00    5.00    7.00   
0.00    0.00    6.00    1.00    1.00    0.00   
8.00    8.00    11.00   4.00    9.00    9.00   
10.00   0.00    11.00   4.00    12.00   12.00  
10.00   0.00    0.00    0.00    0.00    0.00   

2.00    2.00    13.00   13.00   13.00   7.00   
3.00    3.00    6.00    5.00    5.00    7.00   
0.00    0.00    6.00    0.00    1.00    1.00   
8.00    8.00    11.00   4.00    9.00    9.00   
10.00   0.00    11.00   4.00    12.00   12.00  
10.00   0.00    0.00    0.00    0.00    0.00   

